	GraveSoil	Soil	Stool	Unknown
bone10008	0.06732	0.0046	0.17906	0.74902
bone10009	0.0923	0.00274	0.18591	0.71905
bone10022	0.05367	0.00194	0.23604	0.70835
bone10023	0.00582	0.00121	0.23418	0.75879
bone10024	2.00E-05	0	0.00405	0.99593
bone10018	0.1572	0.00105	0.06068	0.78107
bone10017	0.47514	0.00106	0.02471	0.49909
bone10040	0.00069	0.00084	0.00152	0.99695
bone10057	0.52148	0.0012	0.05205	0.42527
bone10058	0.46543	0.00126	0.15548	0.37783
bone10079	0.17788	0.00062	0.64382	0.17768
bone10064	0.52994	0.00141	0.00485	0.4638
bone10059	0.51798	0.00103	0.04729	0.4337
bone10060	0.47443	0.00103	0.13883	0.38571
bone10061	0.09953	0.00041	0.47921	0.42085
bone10062	0.12281	0.00063	0.34803	0.52853
bone10020	0.54101	0.00062	0.02995	0.42842
bone10042	0.64992	0.00123	0.01495	0.3339
bone10028	0.5849	0.00125	0.00333	0.41052
bone10056	0.61044	0.0011	0.00483	0.38363
bone10047	0.24837	0.00242	0.35187	0.39734
bone10048	0.36801	0.00181	0.07105	0.55913
bone10049	0.27116	0.00219	0.17283	0.55382
bone10051	0.16384	0.00142	0.33162	0.50312
bone10053	0.41479	0.00147	0.12587	0.45787
bone10054	0.48993	0.00161	0.06348	0.44498
bone10055	0.40605	0.00188	0.16303	0.42904
bone10041	0.39509	0.00104	0.1371	0.46677
bone10050	0.00274	0.00065	0.17758	0.81903
bone10026	0.34264	0.00101	0.20876	0.44759
bone10044	0.61996	0.00115	0.01535	0.36354
10082	0.22532	0.00057	0.4335	0.34061
10083	0.11192	0.00075	0.40546	0.48187
bone10078	0.00023	6.00E-05	0.00211	0.9976
bone10065	0.00022	8.00E-05	0.00176	0.99794
bone10071	0.23232	0.00081	0.21177	0.5551
bone10072	0.02311	0.00077	0.43171	0.54441
bone10073	0.27998	0.00098	0.26305	0.45599
bone10074	0.08327	0.00118	0.30152	0.61403
bone10076	0.04958	0.0008	0.35501	0.59461
bone10075	0.00121	0.00036	0.417	0.58143
bone10081	0.31777	0.00029	0.43131	0.25063
bone10006	0.02047	0.00195	0.44221	0.53537
bone10007	0.00279	0.00114	0.42991	0.56616
bone10031	0.00011	0	0.74475	0.25514
bone10032	0.00013	3.00E-05	0.57832	0.42152
bone10033	0.00058	0.00026	0.03699	0.96217
bone10034	0.00037	0.00019	0.01896	0.98048
bone10001	0.07458	0.00226	0.27608	0.64708
bone10012	0.29423	0.00146	0.10223	0.60208
bone10046	0.24602	0.00217	0.13992	0.61189
bone10004	0.11891	0.00368	0.27755	0.59986
bone10005	0.1683	0.00247	0.24847	0.58076
bone10035	0.00516	0.0006	0.39892	0.59532
bone10036	0.02184	0.00082	0.36677	0.61057
bone10037	0.00263	0.00019	0.33268	0.6645
bone10038	0.00111	0.0001	0.35402	0.64477
bone10011	0.00067	8.00E-05	0.71692	0.28233
bone10013	0.06069	0.00077	0.44746	0.49108
bone10016	0.00023	8.00E-05	0.88114	0.11855
bone10080	0.00018	6.00E-05	0.3056	0.69416
bone10002	0.00734	0.00037	0.77427	0.21802
bone10014	0.22294	0.00062	0.64893	0.12751
bone10070	0.00356	0.0005	0.01586	0.98008
bone10029	0.022	0.00047	0.76634	0.21119
bone10068	0.40434	0.00111	0.00519	0.58936
bone10066	0.38944	0.00063	0.10666	0.50327
bone10067	0.48599	0.00103	0.00211	0.51087
bone10025	0.26588	0.00139	0.28338	0.44935
bone10043	0.18733	0.0008	0.44948	0.36239
bone10019	0.00011	3.00E-05	0.50383	0.49603
bone10045	0.00794	0.00083	0.31572	0.67551
bone10027	0.05445	0.00157	0.62904	0.31494
bone10063	0.00158	0.00025	0.65512	0.34305
bone10021	8.00E-05	6.00E-05	0.14715	0.85271
bone10077	0.00168	0.00024	0.19076	0.80732
bone10015	0.19729	0.00049	0.71839	0.08383
bone10003	0.00011	5.00E-05	0.57135	0.42849
20061	0.00123	0.00032	0.01148	0.98697
bone20060	0.00251	0.00066	0.0192	0.97763
bone20062	0.00178	0.00029	0.03782	0.96011
bone20063	0.00113	0.00021	0.05458	0.94408
bone20068	0.12844	0.00053	0.30632	0.56471
bone20068R	0.11889	0.00057	0.30726	0.57328
bone20066	0.00559	0.00043	0.87911	0.11487
bone20067	0.25471	0.00051	0.44669	0.29809
bone20064	0.18414	0.00056	0.35228	0.46302
bone20065	0.15294	0.00063	0.54868	0.29775
bone20028	0.35104	0.00094	0.02216	0.62586
bone20029	0.34774	0.00081	0.03132	0.62013
bone20042	0.47089	0.00074	0.07918	0.44919
bone20041	0.43237	0.00097	0.03715	0.52951
bone20030	0.17229	0.00141	0.04283	0.78347
bone20070	0.2279	0.00148	0.02004	0.75058
bone20031	0.30227	0.00171	0.26618	0.42984
bone20032	0.51457	0.00156	0.0964	0.38747
bone20018	0.14577	0.0005	0.24859	0.60514
bone20019	0.05459	0.00076	0.23229	0.71236
bone20024	0.16008	0.00157	0.45847	0.37988
bone20025	0.11822	0.00109	0.46459	0.4161
bone20033	0.40306	0.00118	0.08221	0.51355
bone20034	0.58349	0.00107	0.05841	0.35703
bone20035	0.44314	0.00102	0.26478	0.29106
bone20036	0.49454	0.00093	0.22286	0.28167
bone20037	0.56501	0.0012	0.11088	0.32291
bone20038	0.34997	0.00148	0.27323	0.37532
bone20039	0.39215	0.00138	0.24825	0.35822
bone20040	0.36703	0.00159	0.35404	0.27734
bone20026	0.19872	0.00071	0.12472	0.67585
bone20027	0.17276	0.00114	0.11372	0.71238
bone20020	0.00304	0.00072	0.27602	0.72022
bone20021	0.00019	0.0001	0.50259	0.49712
20080	0.58331	0.00064	0.1345	0.28155
20081	0.54327	0.00056	0.14396	0.31221
bone20016	0.16447	0.0006	0.51774	0.31719
bone20009	0.23915	0.00058	0.40546	0.35481
bone20010	0.40309	0.0007	0.27086	0.32535
bone20011	0.46899	0.00049	0.05187	0.47865
bone20012	0.09014	0.00053	0.43643	0.4729
bone20013	0.26175	0.00081	0.18366	0.55378
bone20015	0.34717	0.0007	0.15592	0.49621
bone20014	0.05401	0.00062	0.2767	0.66867
bone20017	0.3589	0.00082	0.16916	0.47112
bone20050	0.33383	0.0006	0.23066	0.43491
bone20051	0.31179	0.00055	0.2269	0.46076
bone20052	0.01151	0.00804	0.00959	0.97086
bone20053	0.02652	0.00956	0.02176	0.94216
bone20054	0.00716	0.00031	0.50947	0.48306
bone20055	0.00738	0.00021	0.53817	0.45424
bone20049	0.17796	0.00084	0.39733	0.42387
bone20022	0.03276	0.00082	0.16771	0.79871
bone20023	0.00039	8.00E-05	0.00353	0.996
bone20043	0.41104	0.0017	0.07047	0.51679
bone20044	0.10115	0.00081	0.11845	0.77959
bone20045	0.00572	0.00025	0.8555	0.13853
bone20046	0.0072	0.00038	0.83913	0.15329
bone20047	0.01538	0.00028	0.89318	0.09116
bone20048	0.01256	0.00042	0.86827	0.11875
bone20059	0.00171	0.00042	0.67673	0.32114
bone20058	0.67602	0.00071	0.03206	0.29121
bone20008	0.50063	0.00139	0.11348	0.3845
bone20057	0.44331	0.00055	0.0067	0.54944
bone20005	0.57339	0.00072	0.08009	0.3458
bone20056	0.66156	0.00102	0.00539	0.33203
bone20069	0.63121	0.00067	0.00325	0.36487
bone20075	0.52235	0.00119	0.00156	0.4749
bone20074	0.00062	0.00015	0.1151	0.88413
bone20078	0.21906	0.00058	0.20077	0.57959
bone20079	0.57445	0.00113	0.08251	0.34191
bone20071	0.50253	0.00114	0.00302	0.49331
bone20073	0.51538	0.00133	0.02901	0.45428
bone20072	0.36589	0.00082	0.02693	0.60636
bone20002	0.17124	0.00057	0.58899	0.2392
bone20003	0.14961	0.00055	0.63552	0.21432
bone20076	0.26569	0.00069	0.3351	0.39852
bone20077	0.41376	0.00042	0.14028	0.44554
bone20006	0.21538	0.0012	0.35957	0.42385
bone20007	0.53178	0.00064	0.16636	0.30122
bone20001	0.15273	0.00041	0.47958	0.36728
bone20004	0.32292	0.00043	0.38951	0.28714
30035	0.72387	0.0018	0.00023	0.2741
30036	0.65308	0.0015	0.00068	0.34474
30037	0.64499	0.00142	0.00171	0.35188
30038	0.62858	0.00076	0.00211	0.36855
30039	0.67261	0.00095	0.0048	0.32164
30040	0.6687	0.00101	0.00547	0.32482
30041	0.50012	0.00131	0.00025	0.49832
30042	0.48003	0.00133	0.00102	0.51762
30043	0.60556	0.00166	0.00025	0.39253
30044	0.62958	0.00175	0.00052	0.36815
bone30014	0.51393	0.00075	0.00029	0.48503
bone30015	0.54614	0.00091	0.00032	0.45263
30029	0.76169	0.00036	0.00034	0.23761
bone30016	0.50607	0.00106	0.00037	0.4925
bone30017	0.49458	0.00137	0.00083	0.50322
bone30012	0.12895	0.01596	0.00091	0.85418
bone30013	0.33788	0.05275	0.00232	0.60705
bone30001	0.67873	0.0007	0.00019	0.32038
bone30002	0.58782	0.00088	0.0005	0.4108
bone30018	0.46677	0.00115	0.00022	0.53186
bone30019	0.53943	0.00102	0.0004	0.45915
bone30020	0.49563	0.00063	0.00011	0.50363
bone30021	0.4456	0.00088	0.00056	0.55296
bone30022	0.51243	0.00081	0.00042	0.48634
30023	0.51143	0.00071	0.00139	0.48647
30024	0.54661	0.00085	0.00056	0.45198
30025	0.49327	0.00091	0.00043	0.50539
30026	0.59125	0.00077	0.00058	0.4074
30027	0.48397	0.00103	0.00012	0.51488
bone30010	0.54272	0.00098	0.00037	0.45593
bone30011	0.48724	0.00104	0.00071	0.51101
bone30003	0.50653	0.00128	0.00031	0.49188
bone30004	0.5197	0.00169	0.00023	0.47838
30082	0.4718	0.00069	0.10083	0.42668
30083	0.52565	0.00058	0.07796	0.39581
30048	0.49841	0.00083	0.0074	0.49336
30047	0.52771	0.00131	0.00024	0.47074
30030	0.55803	0.00088	0.00134	0.43975
30031	0.55505	0.00104	0.00823	0.43568
30032	0.45772	0.00102	0.06196	0.4793
30033	0.49763	0.001	0.00046	0.50091
30060	0.50258	0.00137	0.00787	0.48818
30034	0.49337	0.00104	0.04429	0.4613
30049	0.34559	0.00093	0.10507	0.54841
30064	0.53761	0.00171	0.00023	0.46045
30065	0.48801	0.00203	0.00016	0.5098
30066	0.51218	0.00083	0.05876	0.42823
30067	0.51555	0.00085	0.0668	0.4168
30068	0.66248	0.00193	0.00056	0.33503
30069	0.64559	0.0034	0.00095	0.35006
30061	0.41701	0.00106	0.02722	0.55471
30062	0.57673	0.0007	0.0002	0.42237
30063	0.64533	0.00051	0.00036	0.3538
30070	0.40467	0.00188	0.0004	0.59305
30071	0.39625	0.00242	0.00053	0.6008
30072	0.36231	0.0019	0.2442	0.39159
30073	0.32393	0.00137	0.24238	0.43232
30074	0.40791	0.00115	0.12688	0.46406
30075	0.40237	0.00153	0.13021	0.46589
30059	0.38796	0.00112	0.01939	0.59153
30057	0.73089	0.0006	0.00416	0.26435
30050	0.46893	0.00152	0.00447	0.52508
30058	0.80329	0.00043	0.00014	0.19614
bone30009	0.54953	0.00089	0.05026	0.39932
30055	0.38573	0.00257	0.01031	0.60139
30051	0.62637	0.0014	0.00067	0.37156
30081	0.39592	0.00432	0.00045	0.59931
30076	0.54696	0.00075	0.00189	0.4504
30077	0.55033	0.00101	0.00245	0.44621
30078	0.40396	0.00182	0.00012	0.5941
30080	0.61367	0.00266	0.00051	0.38316
30079	0.56049	0.00191	0.00324	0.43436
30052	0.24709	0.00137	0.02353	0.72801
30053	0.35855	0.0011	0.00034	0.64001
30045	0.35712	0.00109	0.13038	0.51141
30046	0.37228	0.00107	0.2951	0.33155
bone30007	0.38426	0.00131	0.02238	0.59205
bone30008	0.36792	0.00137	0.04303	0.58768
bone30005	0.33024	0.00126	0.06733	0.60117
bone30006	0.37684	0.00127	0.10608	0.51581
30054	0.52165	0.00495	0.00421	0.46919
30056	0.41126	0.00385	0.35406	0.23083
3939-JMD-0018	0.28207	0.00104	0.10968	0.60721
3939-JMD-0019	0.29695	0.0009	0.16966	0.53249
3939-JMD-0020	0.09889	0.00168	0.00291	0.89652
3939-JMD-0034	0.03176	0.00688	0.00129	0.96007
3939-JMD-0028	0.27416	0.00617	0.06983	0.64984
3939-JMD-0033	0.17093	0.0021	0.10254	0.72443
3939-JMD-0029	0.10888	0.06111	0.04682	0.78319
3939-JMD-0030	0.01769	0.01809	0.00612	0.9581
3939-JMD-0031	0.0033	0.00234	0.00228	0.99208
3939-JMD-0032	0.00131	0.00155	0.45299	0.54415
3939-JMD-0035	0.49255	0.00267	0.00226	0.50252
3939-JMD-0038	0.1604	0.00217	0.06438	0.77305
3939-JMD-0040	0.04936	0.00562	0.06313	0.88189
3939-JMD-0041	0.3086	0.00432	0.00195	0.68513
3939-JMD-0039	0.49658	0.00485	0.00248	0.49609
3939-JMD-0036	0.17935	0.00575	0.02155	0.79335
3939-JMD-0027	0.49683	0.00073	0.05836	0.44408
3939-JMD-0021	0.3907	0.00224	0.03671	0.57035
3939-JMD-0026	0.31395	0.00082	0.01412	0.67111
3939-JMD-0022	0.30588	0.00217	0.0525	0.63945
3939-JMD-0023	0.36617	0.00058	0.00887	0.62438
3939-JMD-0024	0.24635	0.00242	0.01756	0.73367
3939-JMD-0025	0.21526	0.00073	0.22901	0.555
3939-JMD-0014	0.31785	0.00081	0.05945	0.62189
3939-JMD-0016	0.38503	0.00102	0.13011	0.48384
3939-JMD-0017	0.11523	0.00768	0.00014	0.87695
3939-JMD-0015	0.13426	0.00104	0.00012	0.86458
3939-JMD-0011	0.18761	0.00167	0.0002	0.81052
3939-JMD-0012	0.13508	0.00115	0.01288	0.85089
3939-JMD-0013	0.4418	0.01095	8.00E-05	0.54717
3939-JMD-0008	0.13269	0.00198	7.00E-05	0.86526
3939-JMD-0042	0.18962	0.00046	0.29526	0.51466
3939-JMD-0047	0.37751	0.00398	0.02563	0.59288
3939-JMD-0046	0.1286	0.00142	0.00037	0.86961
3939-JMD-0044	0.11307	0.00038	0.12997	0.75658
3939-JMD-0043	0.22671	0.00104	0.06085	0.7114
3939-JMD-0006	0.27969	0.00278	0.00325	0.71428
3939-JMD-0004	0.16894	0.0018	0.00016	0.8291
3939-JMD-0001	0.16578	0.23285	3.00E-05	0.60134
3939-JMD-0009	0.1271	0.00294	0.0001	0.86986
3939-JMD-0003	0.30926	0.00179	1.00E-05	0.68894
3939-JMD-0005	0.41212	0.00164	0.0124	0.57384
3939-JMD-0010	0.08862	0.00084	7.00E-05	0.91047
3939-JMD-0007	0.32403	0.0037	6.00E-05	0.67221
3939-JMD-0002	0.21859	0.00136	0	0.78005
3939-JMD-0123	0.04465	0.00057	0.33287	0.62191
3939-JMD-0124	0.0019	0.00855	0.45334	0.53621
3939-JMD-0125	0.0096	0.00029	0.26353	0.72658
3939-JMD-0139	0.24469	0.00384	0.00186	0.74961
3939-JMD-0133	0.28374	0.00087	0.11059	0.6048
3939-JMD-0138	0.26944	0.00057	0.28683	0.44316
3939-JMD-0134	0.21563	0.00135	0.04015	0.74287
3939-JMD-0135	0.14348	0.00083	0.00132	0.85437
3939-JMD-0136	0.17868	0.00112	0.05196	0.76824
3939-JMD-0137	0.12077	0.0018	0.04	0.83743
3939-JMD-0140	0.23301	0.0022	0.00271	0.76208
3939-JMD-0143	0.29906	0.0021	0.05134	0.6475
3939-JMD-0145	0.00777	0.00606	0.03087	0.9553
3939-JMD-0146	0.22685	0.01379	0.00018	0.75918
3939-JMD-0144	0.38993	0.00221	0.03935	0.56851
3939-JMD-0142	0.32678	0.00309	0.01581	0.65432
3939-JMD-0141	0.23619	0.00371	0.08352	0.67658
3939-JMD-0132	0.00266	0.0003	0.0173	0.97974
3939-JMD-0126	0.02765	0.0006	0.33992	0.63183
3939-JMD-0131	0.09878	0.00052	0.02401	0.87669
3939-JMD-0127	0.00129	0.0002	0.36386	0.63465
3939-JMD-0128	0.00116	0.00022	0.01018	0.98844
3939-JMD-0129	0.00396	0.00074	0.27088	0.72442
3939-JMD-0130	0.00041	0.0002	0.01694	0.98245
3939-JMD-0162	0.26552	0.00131	0.02321	0.70996
3939-JMD-0163	0.14161	0.00109	0.37078	0.48652
3939-JMD-0164	0.01529	0.00052	0.07889	0.9053
3939-JMD-0119	0.00283	0.00054	0.04194	0.95469
3939-JMD-0121	0.00137	0.00029	0.00646	0.99188
3939-JMD-0122	0.14215	0.00102	0.08745	0.76938
3939-JMD-0120	0.00599	0.00142	0.00389	0.9887
3939-JMD-0116	0.30839	0.00107	0.06798	0.62256
3939-JMD-0117	0.11131	0.00135	0.02686	0.86048
3939-JMD-0108	0.27032	0.00147	0.00761	0.7206
3939-JMD-0118	0.18704	0.00226	0.02704	0.78366
3939-JMD-0113	0.14014	0.00295	0.00196	0.85495
3939-JMD-0147	0.00031	0.00011	0.19894	0.80064
3939-JMD-0152	0.01916	0.00031	0.32606	0.65447
3939-JMD-0151	0.00934	0.00073	0.12619	0.86374
3939-JMD-0150	0.00545	0.00122	0.06882	0.92451
3939-JMD-0149	0.0498	0.00128	0.22203	0.72689
3939-JMD-0148	0.22929	0.0054	0.00242	0.76289
3939-JMD-0111	0.40776	0.00239	0.08456	0.50529
3939-JMD-0109	0.22647	0.00176	0.02746	0.74431
3939-JMD-0106	0.21268	0.00241	0.06197	0.72294
3939-JMD-0114	0.3241	0.00053	0.11234	0.56303
3939-JMD-0110	0.31022	0.00107	0.11966	0.56905
3939-JMD-0115	0.45244	0.00064	0.06509	0.48183
3939-JMD-0112	0.20795	0.00082	0.01218	0.77905
3939-JMD-0107	0.36549	0.00132	0.03075	0.60244
3939-JMD-0070	0.14584	0.00187	0.15607	0.69622
3939-JMD-0071	0.23849	0.00067	0.07012	0.69072
3939-JMD-0072	0.196	0.00385	0.17483	0.62532
3939-JMD-0086	0.07535	0.00236	0.16006	0.76223
3939-JMD-0080	0.32597	0.00071	0.03026	0.64306
3939-JMD-0085	0.36244	0.00047	0.22186	0.41523
3939-JMD-0081	0.11025	0.00155	0.19856	0.68964
3939-JMD-0082	0.17233	0.00088	0.13812	0.68867
3939-JMD-0083	0.16347	0.00153	0.01433	0.82067
3939-JMD-0084	0.25171	0.00046	0.02662	0.72121
3939-JMD-0087	0.07619	0.00052	0.04854	0.87475
3939-JMD-0090	0.26131	0.00069	0.07631	0.66169
3939-JMD-0092	0.21387	0.00071	0.01947	0.76595
3939-JMD-0093	0.29798	0.00154	0.00049	0.69999
3939-JMD-0091	0.22839	0.00029	0.01828	0.75304
3939-JMD-0089	0.11246	0.0004	0.04711	0.84003
3939-JMD-0088	0.21432	0.00034	0.09716	0.68818
3939-JMD-0079	0.12838	0.0011	0.4251	0.44542
3939-JMD-0073	0.25475	0.00097	0.23976	0.50452
3939-JMD-0078	0.3103	0.00079	0.08191	0.607
3939-JMD-0074	0.33579	0.00056	0.04647	0.61718
3939-JMD-0075	0.37032	0.00087	0.03719	0.59162
3939-JMD-0076	0.18909	0.0011	0.1232	0.68661
3939-JMD-0077	0.11921	0.00175	0.35511	0.52393
3939-JMD-0066	0.36475	0.00244	0.00116	0.63165
3939-JMD-0068	0.15055	0.00069	0.08029	0.76847
3939-JMD-0069	0.51464	0.00026	0.05112	0.43398
3939-JMD-0067	0.11242	0.0019	0.13076	0.75492
3939-JMD-0063	0.24258	0.00141	0.00486	0.75115
3939-JMD-0064	0.10853	0.00123	0.00921	0.88103
3939-JMD-0056	0.26944	0.00322	0.00639	0.72095
3939-JMD-0065	0.17119	0.00121	0.01389	0.81371
3939-JMD-0060	0.21162	0.00301	0.03958	0.74579
3939-JMD-0094	0.11943	0.00128	0.00078	0.87851
3939-JMD-0099	0.32277	0.00174	0.01114	0.66435
3939-JMD-0098	0.15217	0.00225	0.00014	0.84544
3939-JMD-0097	0.00234	0.00035	0.00021	0.9971
3939-JMD-0096	0.02069	0.00148	0.21306	0.76477
3939-JMD-0095	0.21215	0.00257	0.00016	0.78512
3939-JMD-0059	0.26971	0.00268	0.0055	0.72211
3939-JMD-0057	0.27837	0.00277	0.0005	0.71836
3939-JMD-0054	0.4256	0.00731	0.00014	0.56695
3939-JMD-0061	0.24197	0.00287	0.00048	0.75468
3939-JMD-0058	0.23817	0.00237	0.00363	0.75583
3939-JMD-0062	0.14295	0.00126	0.0015	0.85429
3939-JMD-0055	0.39417	0.00491	8.00E-05	0.60084